	train_loss	train_acc	test_loss	test_acc
0	1.1109208911657333	0.29296875	1.0964547395706177	0.2604166666666667
1	1.0979911535978317	0.34375	1.1037625074386597	0.3125
2	1.0875692665576935	0.57421875	1.0897969007492065	0.362689393939394
3	1.0976255983114243	0.375	1.0938787857691448	0.2708333333333333
4	1.0551359355449677	0.546875	1.1080919901529949	0.2604166666666667
5	1.0540010333061218	0.39453125	1.1203390955924988	0.28125
6	1.0957536026835442	0.3671875	1.1200337211290996	0.2916666666666667
7	0.9646939858794212	0.578125	1.1388165950775146	0.2604166666666667
8	1.007079802453518	0.47265625	1.0587612390518188	0.31155303030303033
9	0.9475306868553162	0.65234375	1.0451788902282715	0.35321969696969696
10	0.9736805856227875	0.47265625	1.0123931765556335	0.32196969696969696
11	0.8965577185153961	0.51953125	0.9228116671244303	0.4829545454545454
12	0.8100816793739796	0.62890625	1.0433332721392314	0.4043560606060606
13	0.7718657217919827	0.640625	1.0512312054634094	0.3721590909090909
14	0.7206262219697237	0.671875	0.9597800572713217	0.45359848484848486
15	0.7910690456628799	0.67578125	0.957641621430715	0.43371212121212127
16	0.7064785314723849	0.6640625	1.0478503306706746	0.40246212121212127
17	0.780295342206955	0.6875	0.9422766367594401	0.48484848484848486
18	0.7479387708008289	0.63671875	0.9108557105064392	0.5132575757575758
19	0.7183037623763084	0.6953125	0.9771029353141785	0.4545454545454546
20	0.7266895808279514	0.6875	1.0906282265981038	0.4128787878787879
21	0.9187656790018082	0.578125	0.9936457872390747	0.49526515151515155
22	0.8023115620017052	0.6640625	0.9559004902839661	0.48484848484848486
23	0.8759290426969528	0.53125	1.0378569761912029	0.4545454545454546
24	0.7696418687701225	0.61328125	0.9393717845280966	0.5047348484848485
25	0.9338586181402206	0.5703125	1.0352134108543396	0.48484848484848486
26	0.7745411172509193	0.609375	1.0206589102745056	0.43371212121212127
27	0.6613992936909199	0.74609375	1.0714759627978008	0.4034090909090909
28	0.7893614247441292	0.62890625	1.109246035416921	0.43371212121212127
29	0.7238764613866806	0.703125	1.0384310285250347	0.4545454545454546
30	0.8134223707020283	0.5859375	0.9785119692484537	0.5350378787878788
31	0.6821215264499187	0.734375	0.93423463900884	0.5464015151515151
32	0.5972066186368465	0.77734375	1.0362659692764282	0.3835227272727273
33	0.5873606181703508	0.76953125	1.0388786594072978	0.41382575757575757
34	0.6053616553544998	0.76171875	0.9919444918632507	0.4753787878787879
35	0.5491224676370621	0.77734375	1.0966046849886577	0.4441287878787879
36	0.6430935971438885	0.66796875	1.207367519537608	0.4034090909090909
37	0.6369628384709358	0.76171875	1.0021061698595684	0.5653409090909091
38	0.6284834295511246	0.6875	0.9671031435330709	0.5445075757575758
39	0.5019112201407552	0.828125	1.1176066001256306	0.4659090909090909
40	0.5712179206311703	0.8125	1.0623281995455425	0.4034090909090909
41	0.4574714151676744	0.81640625	1.0484107335408528	0.4232954545454546
42	0.4567192383110523	0.859375	1.1293790737787883	0.4232954545454546
43	0.41931105498224497	0.84375	1.1498340368270874	0.40246212121212127
44	0.4739282615482807	0.86328125	1.134539047876994	0.4431818181818182
45	0.7002333179116249	0.73828125	1.1910299062728882	0.43371212121212127
46	0.46595003083348274	0.83203125	1.2696924209594727	0.4128787878787879
47	0.4737395830452442	0.82421875	1.3956631422042847	0.3721590909090909
48	0.4651257358491421	0.85546875	1.212676465511322	0.47348484848484845
49	0.38984449580311775	0.84765625	1.4431469440460205	0.4545454545454546
50	0.3469860749319196	0.88671875	1.3809082508087158	0.48674242424242425
51	0.28733621575520374	0.89453125	1.2483828663825989	0.5340909090909091
52	0.32108517177402973	0.90234375	1.368333101272583	0.4232954545454546
53	0.3057917132973671	0.8828125	1.3572287162144978	0.4753787878787879
54	0.2625865340232849	0.91796875	1.27120707432429	0.5236742424242424
55	0.22238541953265667	0.93359375	1.4685057799021404	0.4545454545454546
56	0.20197432170971297	0.92578125	1.4173765977223713	0.47348484848484845
57	0.27530694007873535	0.94140625	1.4910532236099243	0.5037878787878788
58	0.24461196863558143	0.91015625	1.8294280370076497	0.4346590909090909
59	0.22391489925212227	0.8984375	1.6150296131769817	0.5236742424242424
60	0.19351775106042624	0.94140625	1.7506895065307617	0.46496212121212127
61	0.18054115320410347	0.92578125	1.637767752011617	0.5037878787878788
62	0.1461418176186271	0.95703125	1.640964150428772	0.524621212121212
63	0.14760267734527588	0.98046875	1.9455090761184692	0.4346590909090909
64	0.2086297869682312	0.953125	1.8799136479695637	0.5236742424242424
65	0.36099321860820055	0.765625	1.7840510606765747	0.4346590909090909
66	0.17571624962147325	0.9375	1.5664556225140889	0.5236742424242424
67	0.14607082540169358	0.94921875	1.7699251174926758	0.4545454545454546
68	0.27160908561199903	0.84375	1.6962398687998455	0.5236742424242424
69	0.3137983810156584	0.859375	1.5566139618555705	0.5549242424242424
70	0.18073599552735686	0.9375	1.6526898940404255	0.4441287878787879
71	0.16673760022968054	0.96484375	1.557653784751892	0.5236742424242424
72	0.12431971618207172	0.98046875	1.6255629857381184	0.48390151515151514
73	0.10221478807216045	0.9765625	1.7545712391535442	0.5047348484848485
74	0.07706917182076722	0.98828125	1.8251959085464478	0.524621212121212
75	0.06430730153806508	0.99609375	1.9686909516652424	0.48484848484848486
76	0.05131640916442848	0.98828125	2.026444911956787	0.5255681818181818
77	0.043668156231433386	0.99609375	2.114251454671224	0.5255681818181818
78	0.04980348306708038	1.0	2.170490026473999	0.5255681818181818
79	0.044410247355131105	0.99609375	2.2220492362976074	0.5255681818181818
80	0.035715096862986684	0.99609375	2.3508050441741943	0.49526515151515155
81	0.026653894688536184	1.0	2.3555427392323813	0.5151515151515151
82	0.025525598757667467	0.99609375	2.452631155649821	0.5056818181818182
83	0.02131524845019328	1.0	2.559326171875	0.49526515151515155
84	0.017186532132654975	1.0	2.5893043677012124	0.5255681818181818
85	0.01920395449269563	1.0	2.699955145517985	0.5160984848484849
86	0.014963798865210265	1.0	2.8220258553822837	0.4857954545454546
87	0.01188300031932954	1.0	2.939153512318929	0.4857954545454546
88	0.01369782566325739	1.0	2.9337668418884277	0.4753787878787879
89	0.010587088589090854	1.0	2.990591526031494	0.4753787878787879
90	0.009851746261119843	1.0	3.0657729307810464	0.4857954545454546
91	0.007262667344093643	1.0	3.0452147324879966	0.46496212121212127
92	0.00688220484772728	1.0	3.134740432103475	0.4753787878787879
93	0.006259297413635068	1.0	3.23188845316569	0.4753787878787879
94	0.005887027480639517	1.0	3.2471803029378257	0.4753787878787879
95	0.008576236723456532	1.0	3.2852927843729653	0.4753787878787879
96	0.008177111973054707	1.0	3.2799507776896157	0.5151515151515151
97	0.007154061167966574	1.0	3.4630653858184814	0.4753787878787879
98	0.006137487187515944	1.0	3.3300625483194985	0.5151515151515151
99	0.004838975990423933	1.0	3.3963343302408853	0.5056818181818182
